23253212115555235152523523983253212
67213451235152523523985902358252124159720352352352321423652369234222224111111111142341359282011111532532121114125555555
23515252352398411222222222224411222222222224111345123253212111435235235235152523523983253212111459023418411222325321211
67213451235152523523985902311111
2222224112222222222241111111122222222241024184112222222222241111111111423413592820111


41128325321211145902341841122232
23515252352351525235234112222222222241111111159720352352352321423652369211111159720352352352321423652369234852124111111


28201111153253212111412555555552351525235239832533515252352151111423413552222241024184112222222222241111111111423413592
21122232532121125235282011111584
0234183523523515254112555435223523983253212111459223253212115515252352398325321255235
23523515252592820111115325321211